1	0.955	10.67	0	0	0.51	0.27	0	0	2
2	0.971	11.22	0	0	0.2	0.09	0	0	3
3	0.968	11.56	0	0	0.39	0.1	0	0	3
4	0.998	15.28	0	0	0.39	0.12	0	0	2
5	1.002	15.73	0	0	0	0	0	-0.4	3
6	0.99	13	0	0	0.52	0.22	0	0	2
7	0.989	12.56	0	0	0.19	0.02	0	0	3
8	1.015	20.77	0	0	0.28	0	0	0	2
9	1.043	28.02	0	0	0	0	0	0	3
10	1.05	35.61	4.5	0	0	0	0	0	2
11	0.985	12.72	0	0	0.7	0.23	0	0	3
12	0.99	12.2	0.85	0	0.47	0.1	0	0	2
13	0.968	11.35	0	0	0.34	0.16	0	0	3
14	0.984	11.5	0	0	0.14	0.01	0	0	3
15	0.97	11.23	0	0	0.9	0.3	0	0	2
16	0.984	11.91	0	0	0.25	0.1	0	0	3
17	0.995	13.74	0	0	0.11	0.03	0	0	3
18	0.973	11.53	0	0	0.6	0.34	0	0	2
19	0.963	11.05	0	0	0.45	0.25	0	0	2
20	0.958	11.93	0	0	0.18	0.03	0	0	3
21	0.959	13.52	0	0	0.14	0.08	0	0	3
22	0.97	16.08	0	0	0.1	0.05	0	0	3
23	1	21	0	0	0.07	0.03	0	0	3
24	0.992	20.89	0	0	0.13	0	0	0	2
25	1.05	27.93	2.2	0	0	0	0	0	2
26	1.015	29.71	3.14	0	0	0	0	0	2
27	0.968	15.35	0	0	0.71	0.13	0	0	2
28	0.962	13.62	0	0	0.17	0.07	0	0	3
29	0.963	12.63	0	0	0.24	0.04	0	0	3
30	0.968	18.79	0	0	0	0	0	0	3
31	0.967	12.75	0.07	0	0.43	0.27	0	0	2
32	0.964	14.8	0	0	0.59	0.23	0	0	2
33	0.972	10.63	0	0	0.23	0.09	0	0	3
34	0.986	11.3	0	0	0.59	0.26	0	0.14	2
35	0.981	10.87	0	0	0.33	0.09	0	0	3
36	0.98	10.87	0	0	0.31	0.17	0	0	2
37	0.992	11.77	0	0	0	0	0	-0.25	3
38	0.962	16.91	0	0	0	0	0	0	3
39	0.97	8.41	0	0	0.27	0.11	0	0	3
40	0.97	7.35	0	0	0.66	0.23	0	0	2
41	0.967	6.92	0	0	0.37	0.1	0	0	3
42	0.985	8.53	0	0	0.96	0.23	0	0	2
43	0.978	11.28	0	0	0.18	0.07	0	0	3
44	0.985	13.82	0	0	0.16	0.08	0	0.1	3
45	0.987	15.67	0	0	0.53	0.22	0	0.1	3
46	1.005	18.49	0.19	0	0.28	0.1	0	0.1	2
47	1.017	20.73	0	0	0.34	0	0	0	3
48	1.021	19.93	0	0	0.2	0.11	0	0.15	3
49	1.025	20.94	2.04	0	0.87	0.3	0	0	2
50	1.001	18.9	0	0	0.17	0.04	0	0	3
51	0.967	16.28	0	0	0.17	0.08	0	0	3
52	0.957	15.32	0	0	0.18	0.05	0	0	3
53	0.946	14.35	0	0	0.23	0.11	0	0	3
54	0.955	15.26	0.48	0	1.13	0.32	0	0	2
55	0.952	14.97	0	0	0.63	0.22	0	0	2
56	0.954	15.16	0	0	0.84	0.18	0	0	2
57	0.971	16.36	0	0	0.12	0.03	0	0	3
58	0.959	15.51	0	0	0.12	0.03	0	0	3
59	0.985	19.37	1.55	0	2.77	1.13	0	0	2
60	0.993	23.15	0	0	0.78	0.03	0	0	3
61	0.995	24.04	1.6	0	0	0	0	0	2
62	0.998	23.43	0	0	0.77	0.14	0	0	2
63	0.969	22.75	0	0	0	0	0	0	3
64	0.984	24.52	0	0	0	0	0	0	3
65	1.005	27.65	3.91	0	0	0	0	0	2
66	1.05	27.48	3.92	0	0.39	0.18	0	0	2
67	1.02	24.84	0	0	0.28	0.07	0	0	3
68	1.003	27.55	0	0	0	0	0	0	3
69	1.035	30	5.164	0	0	0	0	0	1
70	0.984	22.58	0	0	0.66	0.2	0	0	2
71	0.987	22.15	0	0	0	0	0	0	3
72	0.98	20.98	0	0	0.12	0	0	0	2
73	0.991	21.94	0	0	0.06	0	0	0	2
74	0.958	21.64	0	0	0.68	0.27	0	0.12	2
75	0.967	22.91	0	0	0.47	0.11	0	0	3
76	0.943	21.77	0	0	0.68	0.36	0	0	2
77	1.006	26.72	0	0	0.61	0.28	0	0	2
78	1.003	26.42	0	0	0.71	0.26	0	0	3
79	1.009	26.72	0	0	0.39	0.32	0	0.2	3
80	1.04	28.96	4.77	0	1.3	0.26	0	0	2
81	0.997	28.1	0	0	0	0	0	0	3
82	0.989	27.24	0	0	0.54	0.27	0	0.2	3
83	0.985	28.42	0	0	0.2	0.1	0	0.1	3
84	0.98	30.95	0	0	0.11	0.07	0	0	3
85	0.985	32.51	0	0	0.24	0.15	0	0	2
86	0.987	31.14	0	0	0.21	0.1	0	0	3
87	1.015	31.4	0.04	0	0	0	0	0	2
88	0.987	35.64	0	0	0.48	0.1	0	0	3
89	1.005	39.69	6.07	0	0	0	0	0	2
90	0.985	33.29	0	0	1.63	0.42	0	0	2
91	0.98	33.31	0	0	0.1	0	0	0	2
92	0.993	33.8	0	0	0.65	0.1	0	0	2
93	0.987	30.79	0	0	0.12	0.07	0	0	3
94	0.991	28.64	0	0	0.3	0.16	0	0	3
95	0.981	27.67	0	0	0.42	0.31	0	0	3
96	0.993	27.51	0	0	0.38	0.15	0	0	3
97	1.011	27.88	0	0	0.15	0.09	0	0	3
98	1.024	27.4	0	0	0.34	0.08	0	0	3
99	1.01	27.04	0	0	0.42	0	0	0	2
100	1.017	28.03	2.52	0	0.37	0.18	0	0	2
101	0.993	29.61	0	0	0.22	0.15	0	0	3
102	0.991	32.3	0	0	0.05	0.03	0	0	3
103	1.001	24.44	0.4	0	0.23	0.16	0	0	2
104	0.971	21.69	0	0	0.38	0.25	0	0	2
105	0.965	20.57	0	0	0.31	0.26	0	0.2	2
106	0.962	20.32	0	0	0.43	0.16	0	0	3
107	0.952	17.53	0	0	0.5	0.12	0	0.06	2
108	0.967	19.38	0	0	0.02	0.01	0	0	3
109	0.967	18.93	0	0	0.08	0.03	0	0	3
110	0.973	18.09	0	0	0.39	0.3	0	0.06	2
111	0.98	19.74	0.36	0	0	0	0	0	2
112	0.975	14.99	0	0	0.68	0.13	0	0	2
113	0.993	13.74	0	0	0.06	0	0	0	2
114	0.96	14.46	0	0	0.08	0.03	0	0	3
115	0.96	14.46	0	0	0.22	0.07	0	0	3
116	1.005	27.12	0	0	1.84	0	0	0	2
117	0.974	10.67	0	0	0.2	0.08	0	0	3
118	0.949	21.92	0	0	0.33	0.15	0	0	3
1	2	0.0303	0.0999	0.0254	1	0
1	3	0.0129	0.0424	0.01082	1	0
4	5	0.00176	0.00798	0.0021	1	0
3	5	0.0241	0.108	0.0284	1	0
5	6	0.0119	0.054	0.01426	1	0
6	7	0.00459	0.0208	0.0055	1	0
8	9	0.00244	0.0305	1.162	1	0
8	5	0	0.0267	0	0.985	0
9	10	0.00258	0.0322	1.23	1	0
4	11	0.0209	0.0688	0.01748	1	0
5	11	0.0203	0.0682	0.01738	1	0
11	12	0.00595	0.0196	0.00502	1	0
2	12	0.0187	0.0616	0.01572	1	0
3	12	0.0484	0.16	0.0406	1	0
7	12	0.00862	0.034	0.00874	1	0
11	13	0.02225	0.0731	0.01876	1	0
12	14	0.0215	0.0707	0.01816	1	0
13	15	0.0744	0.2444	0.06268	1	0
14	15	0.0595	0.195	0.0502	1	0
12	16	0.0212	0.0834	0.0214	1	0
15	17	0.0132	0.0437	0.0444	1	0
16	17	0.0454	0.1801	0.0466	1	0
17	18	0.0123	0.0505	0.01298	1	0
18	19	0.01119	0.0493	0.01142	1	0
19	20	0.0252	0.117	0.0298	1	0
15	19	0.012	0.0394	0.0101	1	0
20	21	0.0183	0.0849	0.0216	1	0
21	22	0.0209	0.097	0.0246	1	0
22	23	0.0342	0.159	0.0404	1	0
23	24	0.0135	0.0492	0.0498	1	0
23	25	0.0156	0.08	0.0864	1	0
26	25	0	0.0382	0	0.96	0
25	27	0.0318	0.163	0.1764	1	0
27	28	0.01913	0.0855	0.0216	1	0
28	29	0.0237	0.0943	0.0238	1	0
30	17	0	0.0388	0	0.96	0
8	30	0.00431	0.0504	0.514	1	0
26	30	0.00799	0.086	0.908	1	0
17	31	0.0474	0.1563	0.0399	1	0
29	31	0.0108	0.0331	0.0083	1	0
23	32	0.0317	0.1153	0.1173	1	0
31	32	0.0298	0.0985	0.0251	1	0
27	32	0.0229	0.0755	0.01926	1	0
15	33	0.038	0.1244	0.03194	1	0
19	34	0.0752	0.247	0.0632	1	0
35	36	0.00224	0.0102	0.00268	1	0
35	37	0.011	0.0497	0.01318	1	0
33	37	0.0415	0.142	0.0366	1	0
34	36	0.00871	0.0268	0.00568	1	0
34	37	0.00256	0.0094	0.00984	1	0
38	37	0	0.0375	0	0.935	0
37	39	0.0321	0.106	0.027	1	0
37	40	0.0593	0.168	0.042	1	0
30	38	0.00464	0.054	0.422	1	0
39	40	0.0184	0.0605	0.01552	1	0
40	41	0.0145	0.0487	0.01222	1	0
40	42	0.0555	0.183	0.0466	1	0
41	42	0.041	0.135	0.0344	1	0
43	44	0.0608	0.2454	0.06068	1	0
34	43	0.0413	0.1681	0.04226	1	0
44	45	0.0224	0.0901	0.0224	1	0
45	46	0.04	0.1356	0.0332	1	0
46	47	0.038	0.127	0.0316	1	0
46	48	0.0601	0.189	0.0472	1	0
47	49	0.0191	0.0625	0.01604	1	0
42	49	0.0715	0.323	0.086	1	0
42	49	0.0715	0.323	0.086	1	0
45	49	0.0684	0.186	0.0444	1	0
48	49	0.0179	0.0505	0.01258	1	0
49	50	0.0267	0.0752	0.01874	1	0
49	51	0.0486	0.137	0.0342	1	0
51	52	0.0203	0.0588	0.01396	1	0
52	53	0.0405	0.1635	0.04058	1	0
53	54	0.0263	0.122	0.031	1	0
49	54	0.073	0.289	0.0738	1	0
49	54	0.0869	0.291	0.073	1	0
54	55	0.0169	0.0707	0.0202	1	0
54	56	0.00275	0.00955	0.00732	1	0
55	56	0.00488	0.0151	0.00374	1	0
56	57	0.0343	0.0966	0.0242	1	0
50	57	0.0474	0.134	0.0332	1	0
56	58	0.0343	0.0966	0.0242	1	0
51	58	0.0255	0.0719	0.01788	1	0
54	59	0.0503	0.2293	0.0598	1	0
56	59	0.0825	0.251	0.0569	1	0
56	59	0.0803	0.239	0.0536	1	0
55	59	0.04739	0.2158	0.05646	1	0
59	60	0.0317	0.145	0.0376	1	0
59	61	0.0328	0.15	0.0388	1	0
60	61	0.00264	0.0135	0.01456	1	0
60	62	0.0123	0.0561	0.01468	1	0
61	62	0.00824	0.0376	0.0098	1	0
63	59	0	0.0386	0	0.96	0
63	64	0.00172	0.02	0.216	1	0
64	61	0	0.0268	0	0.985	0
38	65	0.00901	0.0986	1.046	1	0
64	65	0.00269	0.0302	0.38	1	0
49	66	0.018	0.0919	0.0248	1	0
49	66	0.018	0.0919	0.0248	1	0
62	66	0.0482	0.218	0.0578	1	0
62	67	0.0258	0.117	0.031	1	0
65	66	0	0.037	0	0.935	0
66	67	0.0224	0.1015	0.02682	1	0
65	68	0.00138	0.016	0.638	1	0
47	69	0.0844	0.2778	0.07092	1	0
49	69	0.0985	0.324	0.0828	1	0
68	69	0	0.037	0	0.935	0
69	70	0.03	0.127	0.122	1	0
24	70	0.00221	0.4115	0.10198	1	0
70	71	0.00882	0.0355	0.00878	1	0
24	72	0.0488	0.196	0.0488	1	0
71	72	0.0446	0.18	0.04444	1	0
71	73	0.00866	0.0454	0.01178	1	0
70	74	0.0401	0.1323	0.03368	1	0
70	75	0.0428	0.141	0.036	1	0
69	75	0.0405	0.122	0.124	1	0
74	75	0.0123	0.0406	0.01034	1	0
76	77	0.0444	0.148	0.0368	1	0
69	77	0.0309	0.101	0.1038	1	0
75	77	0.0601	0.1999	0.04978	1	0
77	78	0.00376	0.0124	0.01264	1	0
78	79	0.00546	0.0244	0.00648	1	0
77	80	0.017	0.0485	0.0472	1	0
77	80	0.0294	0.105	0.0228	1	0
79	80	0.0156	0.0704	0.0187	1	0
68	81	0.00175	0.0202	0.808	1	0
81	80	0	0.037	0	0.935	0
77	82	0.0298	0.0853	0.08174	1	0
82	83	0.0112	0.03665	0.03796	1	0
83	84	0.0625	0.132	0.0258	1	0
83	85	0.043	0.148	0.0348	1	0
84	85	0.0302	0.0641	0.01234	1	0
85	86	0.035	0.123	0.0276	1	0
86	87	0.02828	0.2074	0.0445	1	0
85	88	0.02	0.102	0.0276	1	0
85	89	0.0239	0.173	0.047	1	0
88	89	0.0139	0.0712	0.01934	1	0
89	90	0.0518	0.188	0.0528	1	0
89	90	0.0238	0.0997	0.106	1	0
90	91	0.0254	0.0836	0.0214	1	0
89	92	0.0099	0.0505	0.0548	1	0
89	92	0.0393	0.1581	0.0414	1	0
91	92	0.0387	0.1272	0.03268	1	0
92	93	0.0258	0.0848	0.0218	1	0
92	94	0.0481	0.158	0.0406	1	0
93	94	0.0223	0.0732	0.01876	1	0
94	95	0.0132	0.0434	0.0111	1	0
80	96	0.0356	0.182	0.0494	1	0
82	96	0.0162	0.053	0.0544	1	0
94	96	0.0269	0.0869	0.023	1	0
80	97	0.0183	0.0934	0.0254	1	0
80	98	0.0238	0.108	0.0286	1	0
80	99	0.0454	0.206	0.0546	1	0
92	100	0.0648	0.295	0.0472	1	0
94	100	0.0178	0.058	0.0604	1	0
95	96	0.0171	0.0547	0.01474	1	0
96	97	0.0173	0.0885	0.024	1	0
98	100	0.0397	0.179	0.0476	1	0
99	100	0.018	0.0813	0.0216	1	0
100	101	0.0277	0.1262	0.0328	1	0
92	102	0.0123	0.0559	0.01464	1	0
101	102	0.0246	0.112	0.0294	1	0
100	103	0.016	0.0525	0.0536	1	0
100	104	0.0451	0.204	0.0541	1	0
103	104	0.0466	0.1584	0.0407	1	0
103	105	0.0535	0.1625	0.0408	1	0
100	106	0.0605	0.229	0.062	1	0
104	105	0.00994	0.0378	0.00986	1	0
105	106	0.014	0.0547	0.01434	1	0
105	107	0.053	0.183	0.0472	1	0
105	108	0.0261	0.0703	0.01844	1	0
106	107	0.053	0.183	0.0472	1	0
108	109	0.0105	0.0288	0.0076	1	0
103	110	0.03906	0.1813	0.0461	1	0
109	110	0.0278	0.0762	0.0202	1	0
110	111	0.022	0.0755	0.02	1	0
110	112	0.0247	0.064	0.062	1	0
17	113	0.00913	0.0301	0.00768	1	0
32	113	0.0615	0.203	0.0518	1	0
32	114	0.0135	0.0612	0.01628	1	0
27	115	0.0164	0.0741	0.01972	1	0
114	115	0.0023	0.0104	0.00276	1	0
68	116	0.00034	0.00405	0.164	1	0
12	117	0.0329	0.14	0.0358	1	0
75	118	0.0145	0.0481	0.01198	1	0
76	118	0.0164	0.0544	0.01356	1	0
